01-02;CHH-NYK;110-96;
19-14;38-22;28-30;25-30;
CHH
埃迪-约翰逊;1;39;56.5%;13;23;100.0%;2;2;80.0%;4;5;64.6%;3;2;1;3;1;0;0;1;32;
何塞-霍金斯;1;39;61.5%;8;13;50.0%;2;4;100.0%;7;7;77.7%;9;1;8;4;5;0;3;5;25;
Muggsy-博格斯;1;43;36.4%;4;11; ;0;0;83.3%;5;6;49.2%;6;1;5;12;1;0;2;3;13;
肯尼-加蒂松;1;32;85.7%;6;7; ;0;0;0.0%;0;2;85.7%;4;0;4;1;2;0;0;5;12;
斯科特-伯勒尔;1;16;16.7%;1;6; ;0;0;100.0%;2;2;29.1%;1;0;1;2;1;0;1;0;4;
勒朗-艾利斯;0;28;71.4%;5;7; ;0;0;100.0%;5;5;81.5%;5;3;2;0;1;0;0;4;15;
戴尔-库里;0;37;25.0%;4;16;25.0%;1;4;100.0%;2;2;32.6%;2;1;1;9;0;0;2;1;11;
托尼-班尼特;0;24;50.0%;4;8;66.7%;2;3; ;0;0;62.5%;3;3;0;2;1;0;0;1;10;
迈克-戈明斯基;0;7;25.0%;1;4; ;0;0; ;0;0;25.0%;3;2;1;0;0;0;2;1;2;
NYK
约翰-斯塔克斯;1;52;52.2%;12;23;50.0%;2;4;62.5%;5;8;61.5%;6;2;4;5;2;0;7;6;31;
帕特里克-尤因;1;46;40.0%;10;25; ;0;0;50.0%;3;6;43.7%;14;4;10;6;0;1;6;4;23;
查尔斯-奥克利;1;45;53.8%;7;13; ;0;0;80.0%;4;5;61.0%;14;9;5;5;2;0;3;5;18;
格雷格-安东尼;1;45;38.5%;5;13;66.7%;2;3;100.0%;4;4;54.2%;5;3;2;10;2;0;3;4;16;
安东尼-邦纳;1;27;85.7%;6;7; ;0;0; ;0;0;85.7%;8;2;6;2;0;0;2;3;12;
罗兰多-布莱克曼;0;38;57.1%;8;14;66.7%;2;3; ;0;0;64.3%;5;2;3;4;0;1;1;2;18;
科里-盖恩斯;0;9;100.0%;1;1;100.0%;1;1;100.0%;2;2;133.0%;1;0;1;5;0;0;0;0;5;
赫伯-威廉姆斯;0;3; ;0;0; ;0;0; ;0;0; ;0;0;0;0;0;0;1;0;0;
01-02;CHH-NYK;110-96;
19-14;38-22;28-30;25-30;
CHH
埃迪-约翰逊;1;39;56.5%;13;23;100.0%;2;2;80.0%;4;5;64.6%;3;2;1;3;1;0;0;1;32;
何塞-霍金斯;1;39;61.5%;8;13;50.0%;2;4;100.0%;7;7;77.7%;9;1;8;4;5;0;3;5;25;
Muggsy-博格斯;1;43;36.4%;4;11; ;0;0;83.3%;5;6;49.2%;6;1;5;12;1;0;2;3;13;
肯尼-加蒂松;1;32;85.7%;6;7; ;0;0;0.0%;0;2;85.7%;4;0;4;1;2;0;0;5;12;
斯科特-伯勒尔;1;16;16.7%;1;6; ;0;0;100.0%;2;2;29.1%;1;0;1;2;1;0;1;0;4;
勒朗-艾利斯;0;28;71.4%;5;7; ;0;0;100.0%;5;5;81.5%;5;3;2;0;1;0;0;4;15;
戴尔-库里;0;37;25.0%;4;16;25.0%;1;4;100.0%;2;2;32.6%;2;1;1;9;0;0;2;1;11;
托尼-班尼特;0;24;50.0%;4;8;66.7%;2;3; ;0;0;62.5%;3;3;0;2;1;0;0;1;10;
迈克-戈明斯基;0;7;25.0%;1;4; ;0;0; ;0;0;25.0%;3;2;1;0;0;0;2;1;2;
NYK
约翰-斯塔克斯;1;52;52.2%;12;23;50.0%;2;4;62.5%;5;8;61.5%;6;2;4;5;2;0;7;6;31;
帕特里克-尤因;1;46;40.0%;10;25; ;0;0;50.0%;3;6;43.7%;14;4;10;6;0;1;6;4;23;
查尔斯-奥克利;1;45;53.8%;7;13; ;0;0;80.0%;4;5;61.0%;14;9;5;5;2;0;3;5;18;
格雷格-安东尼;1;45;38.5%;5;13;66.7%;2;3;100.0%;4;4;54.2%;5;3;2;10;2;0;3;4;16;
安东尼-邦纳;1;27;85.7%;6;7; ;0;0; ;0;0;85.7%;8;2;6;2;0;0;2;3;12;
罗兰多-布莱克曼;0;38;57.1%;8;14;66.7%;2;3; ;0;0;64.3%;5;2;3;4;0;1;1;2;18;
科里-盖恩斯;0;9;100.0%;1;1;100.0%;1;1;100.0%;2;2;133.0%;1;0;1;5;0;0;0;0;5;
赫伯-威廉姆斯;0;3; ;0;0; ;0;0; ;0;0; ;0;0;0;0;0;0;1;0;0;
01-02;CHH-NYK;110-96;
19-14;38-22;28-30;25-30;
CHH
埃迪-约翰逊;1;39;56.5%;13;23;100.0%;2;2;80.0%;4;5;64.6%;3;2;1;3;1;0;0;1;32;
何塞-霍金斯;1;39;61.5%;8;13;50.0%;2;4;100.0%;7;7;77.7%;9;1;8;4;5;0;3;5;25;
Muggsy-博格斯;1;43;36.4%;4;11; ;0;0;83.3%;5;6;49.2%;6;1;5;12;1;0;2;3;13;
肯尼-加蒂松;1;32;85.7%;6;7; ;0;0;0.0%;0;2;85.7%;4;0;4;1;2;0;0;5;12;
斯科特-伯勒尔;1;16;16.7%;1;6; ;0;0;100.0%;2;2;29.1%;1;0;1;2;1;0;1;0;4;
勒朗-艾利斯;0;28;71.4%;5;7; ;0;0;100.0%;5;5;81.5%;5;3;2;0;1;0;0;4;15;
戴尔-库里;0;37;25.0%;4;16;25.0%;1;4;100.0%;2;2;32.6%;2;1;1;9;0;0;2;1;11;
托尼-班尼特;0;24;50.0%;4;8;66.7%;2;3; ;0;0;62.5%;3;3;0;2;1;0;0;1;10;
迈克-戈明斯基;0;7;25.0%;1;4; ;0;0; ;0;0;25.0%;3;2;1;0;0;0;2;1;2;
NYK
约翰-斯塔克斯;1;52;52.2%;12;23;50.0%;2;4;62.5%;5;8;61.5%;6;2;4;5;2;0;7;6;31;
帕特里克-尤因;1;46;40.0%;10;25; ;0;0;50.0%;3;6;43.7%;14;4;10;6;0;1;6;4;23;
查尔斯-奥克利;1;45;53.8%;7;13; ;0;0;80.0%;4;5;61.0%;14;9;5;5;2;0;3;5;18;
格雷格-安东尼;1;45;38.5%;5;13;66.7%;2;3;100.0%;4;4;54.2%;5;3;2;10;2;0;3;4;16;
安东尼-邦纳;1;27;85.7%;6;7; ;0;0; ;0;0;85.7%;8;2;6;2;0;0;2;3;12;
罗兰多-布莱克曼;0;38;57.1%;8;14;66.7%;2;3; ;0;0;64.3%;5;2;3;4;0;1;1;2;18;
科里-盖恩斯;0;9;100.0%;1;1;100.0%;1;1;100.0%;2;2;133.0%;1;0;1;5;0;0;0;0;5;
赫伯-威廉姆斯;0;3; ;0;0; ;0;0; ;0;0; ;0;0;0;0;0;0;1;0;0;
01-02;CHH-NYK;110-96;
19-14;38-22;28-30;25-30;
CHH
埃迪-约翰逊;1;39;56.5%;13;23;100.0%;2;2;80.0%;4;5;64.6%;3;2;1;3;1;0;0;1;32;
何塞-霍金斯;1;39;61.5%;8;13;50.0%;2;4;100.0%;7;7;77.7%;9;1;8;4;5;0;3;5;25;
Muggsy-博格斯;1;43;36.4%;4;11; ;0;0;83.3%;5;6;49.2%;6;1;5;12;1;0;2;3;13;
肯尼-加蒂松;1;32;85.7%;6;7; ;0;0;0.0%;0;2;85.7%;4;0;4;1;2;0;0;5;12;
斯科特-伯勒尔;1;16;16.7%;1;6; ;0;0;100.0%;2;2;29.1%;1;0;1;2;1;0;1;0;4;
勒朗-艾利斯;0;28;71.4%;5;7; ;0;0;100.0%;5;5;81.5%;5;3;2;0;1;0;0;4;15;
戴尔-库里;0;37;25.0%;4;16;25.0%;1;4;100.0%;2;2;32.6%;2;1;1;9;0;0;2;1;11;
托尼-班尼特;0;24;50.0%;4;8;66.7%;2;3; ;0;0;62.5%;3;3;0;2;1;0;0;1;10;
迈克-戈明斯基;0;7;25.0%;1;4; ;0;0; ;0;0;25.0%;3;2;1;0;0;0;2;1;2;
NYK
约翰-斯塔克斯;1;52;52.2%;12;23;50.0%;2;4;62.5%;5;8;61.5%;6;2;4;5;2;0;7;6;31;
帕特里克-尤因;1;46;40.0%;10;25; ;0;0;50.0%;3;6;43.7%;14;4;10;6;0;1;6;4;23;
查尔斯-奥克利;1;45;53.8%;7;13; ;0;0;80.0%;4;5;61.0%;14;9;5;5;2;0;3;5;18;
格雷格-安东尼;1;45;38.5%;5;13;66.7%;2;3;100.0%;4;4;54.2%;5;3;2;10;2;0;3;4;16;
安东尼-邦纳;1;27;85.7%;6;7; ;0;0; ;0;0;85.7%;8;2;6;2;0;0;2;3;12;
罗兰多-布莱克曼;0;38;57.1%;8;14;66.7%;2;3; ;0;0;64.3%;5;2;3;4;0;1;1;2;18;
科里-盖恩斯;0;9;100.0%;1;1;100.0%;1;1;100.0%;2;2;133.0%;1;0;1;5;0;0;0;0;5;
赫伯-威廉姆斯;0;3; ;0;0; ;0;0; ;0;0; ;0;0;0;0;0;0;1;0;0;
